6 16
10 59
11 59
12 51
23 29
24 29
25 20
26 33
29 47
30 47
31 29
37 18
38 47
46 42
48 20
50 47
51 47
52 27
55 27
57 20
58 58
59 58
60 58
61 58
62 58
72 29
76 77
85 51
87 18
89 3
90 29
93 18
94 29
95 61
96 61
98 77
100 33
102 27
103 27
109 18
116 27
117 18
120 18
121 18
122 20
124 4
127 29
129 51
132 58
133 58
140 18
142 27
146 20
147 20
148 13
162 20
167 47
168 20
171 16
173 26
175 27
178 58
184 26
186 58
196 33
198 33
204 51
205 20
207 43
208 20
215 51
217 33
226 20
233 20
235 29
243 33
259 77
272 42
283 4
302 51
314 33
315 33
318 42
322 33
334 58
336 47
340 51
349 33
355 20
356 58
366 61
368 33
371 20
378 33
379 33
380 33
381 77
383 20
384 13
388 42
399 58
405 33
407 27
409 29
410 16
412 33
413 58
415 27
416 33
419 27
420 27
421 20
426 27
427 27
433 33
434 29
439 20
442 42
450 42
463 51
468 27
477 77
484 47
486 58
488 18
490 18
494 27
496 18
497 18
500 27
503 27
506 27
509 33
511 20
513 59
519 20
520 20
521 20
522 29
528 18
530 27
536 18
540 27
543 20
547 27
553 29
554 18
558 18
561 27
562 27
563 47
564 20
570 33
574 18
576 20
577 18
586 20
598 20
599 20
606 33
608 58
612 51
620 27
621 20
623 20
641 33
642 47
658 58
665 33
674 33
683 13
687 33
689 47
694 42
699 51
701 42
705 43
713 21
719 61
721 33
751 33
752 33
753 27
754 51
760 58
763 51
764 29
770 51
777 58
779 33
780 3
786 29
806 20
809 33
811 20
812 51
814 47
844 51
849 27
850 58
851 29
852 77
853 27
854 29
857 20
860 61
862 58
872 20
884 33
895 47
897 33
901 33
904 29
913 61
917 58
918 13
925 51
926 33
944 33
964 33
967 33
968 33
974 58
978 33
980 33
997 33
999 61
1000 61
1005 47
1006 59
1009 59
1013 61
1014 33
1015 20
1016 51
1020 33
1027 33
1034 27
1036 29
1038 33
1039 33
1054 33
1059 51
1061 29
1066 61
1070 51
1071 13
1079 27
1081 42
1090 27
1091 47
1095 13
1098 29
1102 43
1113 47
1114 29
1119 61
1121 61
1123 33
1126 42
1133 27
1143 16
1147 13
1160 33
1163 29
1168 47
1171 16
1172 27
1182 58
1190 33
1192 20
1197 61
1199 33
1207 51
1208 29
1212 51
1214 13
1216 13
1220 3
1224 47
1225 16
1228 51
1239 42
1248 20
1249 59
1253 33
1264 61
1272 29
1275 33
1278 33
1303 61
1305 33
1310 51
1314 58
1319 51
1342 20
1353 42
1354 61
1360 47
1371 61
1373 27
1385 13
1389 42
1392 13
1394 51
1398 61
1405 51
1412 33
1413 33
1417 43
1430 58
1431 77
1434 47
1442 33
1443 33
1445 33
1447 42
1450 51
1452 51
1460 61
1463 29
1472 77
1480 33
1487 61
1491 77
1492 29
1495 27
1497 47
1500 51
1505 18
1510 13
1511 33
1512 33
1515 47
1516 29
1520 58
1525 33
1527 33
1536 77
1537 33
1543 33
1549 13
1550 18
1551 27
1556 27
1564 33
1569 27
1577 13
1578 4
1579 51
1581 77
1582 51
1586 13
1587 47
1599 43
1608 33
1614 33
1620 51
1622 51
1624 20
1628 47
1632 42
1633 51
1634 61
1635 18
1642 29
1643 51
1647 27
1652 47
1660 33
1661 13
1676 77
1680 61
1688 47
1698 33
1699 33
1702 29
1706 47
1708 51
1711 58
1714 27
1715 51
1716 51
1717 47
1719 51
1720 51
1722 51
1728 13
1729 13
1733 58
1736 42
1740 58
1747 47
1754 47
1758 51
1759 33
1760 18
1779 33
1780 4
1782 51
1794 61
1795 43
1796 58
1801 61
1808 43
1809 47
1810 13
1811 29
1814 42
1818 47
1831 47
1835 33
1839 33
1847 4
1857 51
1867 43
1870 13
1874 20
1886 29
1887 61
1898 29
1906 47
1913 13
1917 42
1932 33
1936 33
1946 33
1948 47
1949 4
1950 61
1955 20
1960 33
1965 51
1978 51
2005 42
2007 18
2015 77
2018 51
2025 42
2027 33
2028 47
2044 33
2047 43
2053 33
2054 47
2076 47
2077 51
2081 51
2085 33
2093 51
2139 61
2174 33
2177 18
2179 51
2218 20
2224 29
2225 59
2227 20
2231 16
2232 27
2237 18
2247 3
2248 4
2249 26
2250 26
2264 27
2268 3
2271 26
2272 27
2275 27
2283 26
2284 3
2285 27
2295 3
2298 47
2304 33
2306 16
2310 47
2314 33
2316 27
2318 21
2322 27
2324 47
2325 29
2331 77
2333 58
2336 20
2340 20
2343 20
2347 29
2351 47
2355 21
2366 42
2368 20
2369 43
2370 20
2371 13
2373 27
2375 27
2379 58
2387 58
2396 58
2399 13
2401 47
2402 77
2413 21
2415 27
2416 27
2418 43
2423 13
2426 58
2427 58
2428 58
2436 58
2437 58
2439 13
2440 58
2442 27
2444 13
2446 13
2447 13
2448 58
2449 58
2450 47
2452 27
2458 3
2463 13
2464 59
2470 4
2471 4
2479 29
2484 61
2487 47
2489 18
2497 20
2501 58
2505 27
2509 51
2510 4
2512 61
2515 4
2517 58
2518 77
2525 4
2526 51
2532 77
2533 20
2539 29
2547 51
2548 51
2551 27
2559 27
2566 29
2567 77
2574 20
2577 33
2578 58
2580 29
2583 77
2584 20
2588 77
2593 29
2597 33
2598 51
2599 20
2604 27
2605 4
2608 4
2611 29
2614 29
2616 27
2617 29
2621 20
2623 13
2625 26
2626 13
2627 20
2629 58
2636 27
2637 59
2639 27
2642 27
2644 29
2646 4
2647 27
2649 20
2652 29
2654 77
2655 59
2656 29
2660 20
2666 77
2667 27
2669 29
2671 27
2673 27
2674 20
2675 47
2676 29
2677 20
2678 29
2679 29
2681 20
2684 16
2687 13
2689 58
2690 33
2698 27
2699 29
2700 47
2703 58
2704 58
2706 47
2710 58
2711 18
2716 20
2717 21
2718 59
2720 61
2721 61
2732 27
2737 47
2738 33
2739 47
2740 47
2741 16
2746 47
2747 4
2748 4
2750 3
2756 13
2757 47
2759 13
2760 13
2761 13
2762 13
2767 13
2768 13
2769 13
2771 13
2772 13
2773 77
2774 20
2778 47
2782 29
2783 29
2784 27
2789 58
2790 29
2791 29
2792 27
2797 47
2798 47
2802 13
2804 51
2805 51
2808 77
2812 47
2817 47
2818 20
2819 58
2823 16
2830 77
2831 13
2832 29
2836 43
2839 4
2841 16
2843 27
2844 20
2847 27
2858 58
2860 20
2861 20
2862 20
2863 20
2867 26
2869 29
2870 77
2877 27
2879 3
2891 16
2895 47
2899 47
2902 59
2904 59
2905 59
2906 59
2911 59
2914 47
2916 29
2918 18
2921 18
2924 58
2925 47
2926 13
2929 20
2930 27
2933 27
2934 20
2937 4
2939 13
2940 13
2941 58
2945 13
2946 4
2947 16
2950 4
2953 18
2960 47
2965 4
2967 29
2971 29
2972 29
2974 77
2975 77
2980 77
2983 59
2986 58
2993 20
2997 13
3003 59
3011 18
3016 27
3026 29
3035 4
3039 59
3042 20
3046 27
3048 27
3052 47
3053 33
3060 3
3066 26
3067 33
3069 20
3075 16
3079 47
3081 77
3088 21
3091 29
3092 58
3098 27
3101 77
3102 16
3108 77
3111 18
3112 77
3114 77
3120 77
3125 77
3129 26
3130 20
3131 77
3133 77
3135 59
3137 77
3140 77
3144 77
3151 77
3154 27
3158 77
3160 29
3161 77
3166 42
3169 59
3170 27
3174 26
3175 27
3176 13
3177 18
3180 77
3183 18
3184 18
3185 18
3187 27
3188 77
3189 27
3190 77
3191 77
3198 18
3200 59
3209 77
3210 59
3214 59
3215 59
3217 59
3219 59
3222 77
3223 77
3225 33
3226 59
3229 59
3231 27
3235 59
3238 29
3240 58
3250 29
3252 29
3255 77
3256 77
3257 20
3261 16
3275 18
3276 58
3279 58
3280 58
3282 29
3283 59
3287 61
3290 58
3299 29
3301 29
3302 20
3303 18
3304 20
3313 27
3318 51
3323 51
3324 51
3325 51
3326 51
3329 27
3331 20
3336 27
3337 20
3338 20
3339 42
3343 20
3354 20
3356 20
3357 20
3358 20
3360 20
3363 18
3365 20
3366 20
3373 58
3374 61
3378 20
3388 13
3391 20
3393 29
3394 16
3395 29
3398 47
3399 20
3402 47
3405 3
3409 77
3410 20
3411 20
3414 58
3416 42
3417 42
3418 27
3419 58
3421 61
3428 29
3429 20
3431 18
3432 61
3438 18
3440 47
3443 29
3444 29
3445 13
3449 58
3464 29
3469 58
3474 4
3479 13
3481 47
3482 29
3484 13
3485 20
3486 20
3495 27
3497 59
3500 59
3503 4
3507 27
3508 18
3510 18
3512 18
3514 21
3515 21
3520 51
3523 18
3524 18
3530 29
3531 29
3532 58
3534 13
3536 21
3541 47
3544 47
3547 47
3548 58
3549 3
3551 33
3561 29
3568 42
3574 16
3578 20
3581 58
3588 59
3589 13
3595 58
3596 58
3611 27
3613 4
3614 4
3616 27
3619 21
3629 58
3632 29
3635 29
3637 26
3642 29
3649 77
3650 77
3658 47
3659 20
3660 42
3661 20
3663 29
3664 27
3665 20
3666 27
3667 20
3668 58
3681 29
3682 20
3688 4
3691 18
3697 77
3698 59
3703 29
3706 29
3712 58
3714 13
3715 13
3717 13
3720 47
3721 27
3728 77
3732 77
3737 59
3739 59
3740 77
3744 59
3746 59
3747 20
3748 27
3750 18
3757 77
3759 59
3760 58
3766 77
3772 18
3775 18
3777 27
3780 59
3787 29
3788 27
3793 61
3795 18
3799 59
3806 77
3808 77
3810 77
3816 59
3817 59
3821 59
3825 59
3827 59
3828 59
3831 59
3833 59
3838 59
3844 27
3846 59
3848 59
3850 59
3852 27
3853 3
3855 59
3858 59
3862 18
3864 29
3867 61
3869 20
3871 29
3872 21
3873 20
3874 61
3875 61
3877 33
3878 33
3879 33
3880 27
3881 27
3889 29
3890 33
3891 33
3894 18
3903 47
3906 20
3908 58
3909 47
3910 27
3916 27
3917 47
3918 20
3919 47
3921 27
3924 47
3925 27
3927 27
3931 27
3932 27
3933 27
3934 47
3935 47
3939 3
3945 51
3947 29
3949 16
3950 27
3951 51
3954 47
3958 58
3967 18
3968 33
3970 47
3976 21
3978 42
3979 47
3980 33
3982 13
3984 27
3988 13
4008 18
4013 20
4028 18
4034 29
4036 29
4037 47
4038 47
4045 27
4046 27
4052 20
4057 20
4061 18
4066 20
4069 16
4073 58
4076 27
4079 27
4081 51
4089 58
4090 26
4092 20
4093 33
4094 29
4095 27
4101 20
4104 16
4107 58
4109 27
4112 3
4115 29
4118 27
4119 27
4121 47
4126 42
4131 18
4136 4
4137 4
4144 27
4149 16
4151 18
4154 13
4159 13
4164 47
4167 27
4169 61
4173 51
4174 59
4178 3
4184 27
4188 16
4189 27
4191 27
4199 27
4207 27
4216 42
4217 29
4218 16
4227 27
4231 27
4236 33
4243 27
4247 13
4249 27
4250 27
4252 27
4253 58
4254 58
4255 29
4256 27
4260 29
4265 58
4267 27
4270 27
4271 20
4275 27
4282 20
4290 20
4292 58
4294 4
4296 20
4302 27
4303 27
4309 58
4310 27
4311 27
4313 27
4316 27
4318 27
4320 61
4321 51
4322 27
4323 27
4324 20
4326 47
4327 20
4328 58
4333 27
4335 18
4337 20
4339 20
4340 13
4342 27
4343 20
4345 18
4347 27
4348 27
4349 27
4351 18
4356 20
4362 20
4375 58
4376 27
4377 20
4386 77
4390 51
4393 20
4398 47
4405 27
4406 20
4407 27
4409 27
4411 47
4413 27
4416 4
4423 27
4427 13
4430 47
4435 61
4440 47
4442 27
4445 20
4447 20
4449 27
4450 27
4451 13
4453 29
4454 77
4459 20
4461 27
4463 27
4464 27
4467 27
4468 27
4470 77
4471 77
4481 21
4482 77
4484 47
4485 20
4487 29
4489 29
4494 27
4501 58
4502 27
4504 58
4506 77
4507 77
4509 47
4512 77
4513 20
4516 47
4517 47
4521 27
4526 77
4529 27
4530 77
4531 77
4533 77
4535 77
4541 27
4544 77
4545 77
4547 27
4548 27
4549 27
4552 77
4557 77
4558 77
4560 77
4573 27
4576 27
4582 43
4586 77
4592 26
4596 18
4597 20
4600 42
4608 20
4616 47
4617 47
4623 29
4624 29
4625 29
4627 4
4630 4
4632 4
4633 4
4634 4
4635 4
4636 3
4639 18
4643 16
4645 13
4646 13
4647 18
4652 27
4653 27
4654 16
4656 58
4657 58
4666 16
4669 29
4673 58
4679 18
4690 33
4693 58
4696 47
4698 58
4699 58
4701 20
4706 42
4707 20
4709 58
4714 18
4715 20
4716 20
4725 18
4726 29
4729 16
4730 26
4731 33
4732 27
4734 47
4736 47
4741 27
4745 51
4749 58
4750 47
4751 20
4754 27
4763 29
4771 4
4773 27
4775 33
4776 33
4778 47
4779 58
4786 29
4794 27
4798 20
4799 27
4801 47
4806 47
4816 27
4818 4
4819 61
4820 4
4822 4
4823 20
4824 51
4830 20
4832 18
4834 18
4840 13
4843 61
4848 61
4849 61
4854 20
4861 47
4863 47
4864 47
4870 20
4876 16
4877 18
4879 29
4880 59
4884 4
4891 27
4892 77
4894 20
4896 27
4901 16
4905 16
4909 29
4913 29
4914 29
4915 20
4916 47
4922 58
4925 58
4926 58
4927 13
4928 58
4929 58
4930 58
4939 58
4940 58
4943 20
4947 27
4950 58
4953 18
4957 13
4958 27
4959 3
4965 77
4969 18
4972 16
4983 16
4985 21
4990 18
4992 77
4994 58
4998 27
5000 77
5001 59
5002 42
5005 4
5010 47
5012 58
5018 51
5021 4
5022 4
5024 29
5025 13
5029 20
5031 3
5035 47
5039 13
5044 13
5045 77
5046 4
5048 47
5049 29
5055 58
5056 58
5058 18
5059 13
5072 47
5083 27
5087 20
5092 21
5094 61
5099 42
5114 47
5117 58
5119 58
5122 58
5123 20
5126 20
5127 58
5130 29
5131 58
5132 43
5133 27
5134 33
5137 13
5139 29
5143 18
5149 21
5152 20
5153 18
5157 47
5160 29
5162 20
5167 13
5168 47
5169 77
5176 59
5181 27
5182 20
5184 16
5187 27
5192 16
5193 33
5195 29
5196 29
5199 29
5200 29
5201 29
5203 29
5208 51
5210 29
5211 29
5213 29
5214 29
5217 29
5218 27
5219 29
5220 29
5221 29
5222 29
5223 29
5226 29
5227 21
5228 29
5229 29
5230 27
5235 20
5237 27
5238 47
5252 51
5253 27
5254 27
5255 47
5258 51
5259 77
5262 16
5264 13
5265 16
5275 18
5278 59
5279 59
5280 16
5281 47
5282 20
5287 27
5288 33
5294 20
5296 59
5298 33
5302 3
5304 29
5312 33
5321 58
5325 26
5326 77
5327 16
5332 47
5333 13
5342 27
5343 51
5344 58
5345 29
5351 27
5353 77
5356 27
5363 61
5367 20
5368 20
5383 20
5384 27
5389 58
5391 13
5395 13
5396 33
5400 47
5401 47
5405 47
5407 47
5408 47
5409 47
5415 4
5417 47
5419 43
5428 29
5430 20
5431 47
5432 77
5437 77
5440 51
5448 47
5449 20
5457 27
5459 16
5463 13
5468 58
5469 61
5470 61
5471 47
5473 20
5475 47
5478 20
5479 58
5486 42
5492 29
5497 59
5499 61
5500 27
5502 33
5508 20
5509 13
5510 20
5513 13
5516 13
5523 20
5524 20
5525 20
5526 13
5527 47
5531 20
5534 20
5537 13
5539 20
5540 20
5541 20
5542 29
5548 4
5552 42
5555 13
5556 27
5560 16
5566 33
5571 47
5576 58
5579 59
5581 47
5582 47
5584 16
5586 4
5588 61
5596 33
5601 29
5604 47
5607 13
5609 27
5616 20
5619 16
5622 18
5625 26
5626 27
5633 20
5634 13
5636 42
5637 27
5640 29
5643 26
5647 20
5649 61
5655 29
5657 27
5660 58
5663 47
5664 18
5677 61
5680 58
5684 18
5685 59
5690 20
5692 33
5697 20
5698 18
5700 58
5703 16
5708 20
5711 29
5714 20
5715 18
5718 27
5719 47
5723 33
5733 47
5736 77
5738 58
5743 27
5744 47
5745 13
5749 42
5752 29
5755 27
5759 58
5760 58
5763 51
5770 3
5772 20
5776 33
5777 33
5781 47
5783 20
5784 58
5788 58
5789 58
5791 77
5797 33
5803 4
5804 20
5805 16
5809 27
5815 13
5818 77
5827 16
5831 61
5832 29
5833 20
5834 13
5837 27
5839 18
5849 29
5850 58
5851 13
5852 4
5857 27
5861 27
5866 59
5869 20
5874 58
5876 58
5879 26
5881 13
5885 13
5889 29
5893 29
5896 27
5908 13
5909 21
5923 61
5928 47
5929 16
5930 27
5932 47
5939 42
5940 58
5942 3
5944 16
5949 77
5954 47
5955 18
5956 27
5960 26
5961 47
5969 58
5972 18
5974 13
5983 29
5989 33
5991 59
5997 77
5998 77
5999 18
6000 13
6002 58
6003 33
6007 20
6008 27
6013 29
6015 77
6017 61
6023 13
6028 33
6032 13
6033 27
6035 20
6036 29
6037 29
6038 20
6039 58
6042 20
6043 13
6044 58
6048 27
6049 58
6054 20
6060 13
6061 29
6063 3
6073 58
6079 29
6082 47
6083 3
6084 20
6086 29
6089 20
6093 20
6099 29
6100 3
6101 33
6102 18
6104 33
6105 33
6106 59
6109 29
6113 58
6116 77
6117 58
6120 58
6124 27
6126 3
6129 59
6130 59
6134 27
6135 27
6136 3
6137 18
6143 3
6144 3
6146 4
6147 58
6154 47
6161 77
6162 77
6167 42
6169 27
6175 58
6177 58
6178 58
6179 58
6180 29
6184 29
6185 27
6189 58
6192 58
6198 58
6199 58
6202 29
6206 29
6207 29
6209 51
6210 13
6211 29
6215 29
6218 20
6219 20
6220 29
6236 27
6237 61
6238 29
6239 3
6241 13
6248 42
6250 33
6251 13
6266 20
6267 61
6269 27
6274 20
6276 58
6281 20
6282 47
6284 27
6286 29
6293 47
6300 16
6303 27
6307 20
6311 20
6318 26
6319 58
6322 47
6323 29
6335 27
6341 29
6351 13
6355 29
6358 59
6359 29
6361 29
6366 47
6367 58
6370 33
6373 27
6374 51
6375 58
6377 47
6378 27
6379 58
6380 13
6384 29
6387 29
6390 61
6391 61
6392 47
6394 21
6396 18
6397 58
6400 47
6402 58
6406 3
6413 29
6414 47
6416 29
6418 29
6422 16
6423 26
6427 58
6430 47
6431 47
6432 20
6439 27
6441 13
6445 29
6446 29
6448 33
6451 21
6452 29
6457 13
6458 29
6460 4
6464 29
6466 47
6472 47
6478 47
6483 18
6485 13
6486 58
6491 47
6495 61
6498 16
6504 51
6506 20
6511 61
6514 58
6520 29
6525 29
6533 20
6539 20
6541 29
6545 58
6546 20
6547 20
6548 58
6553 47
6557 20
6558 29
6561 16
6562 3
6565 59
6566 20
6567 29
6572 13
6576 20
6577 33
6579 33
6580 58
6584 29
6585 18
6587 13
6588 29
6589 20
6590 20
6602 29
6604 42
6606 58
6614 43
6615 21
6622 16
6625 20
6626 18
6627 29
6628 29
6634 20
6636 13
6638 27
6642 61
6643 13
6644 47
6645 13
6646 58
6648 33
6651 13
6656 47
6658 47
6662 47
6663 29
6664 47
6666 20
6674 29
6676 58
6685 13
6686 20
6689 77
6690 27
6691 33
6695 58
6697 13
6699 29
6700 4
6703 20
6708 29
6709 47
6710 59
6719 59
6725 27
6731 4
6734 27
6737 27
6738 29
6742 29
6743 47
6748 20
6755 27
6759 20
6761 18
6764 27
6765 77
6770 58
6774 61
6776 20
6779 47
6785 20
6787 21
6788 77
6790 13
6798 77
6799 59
6814 47
6815 13
6818 13
6822 27
6823 27
6824 20
6826 47
6833 27
6834 20
6837 27
6839 58
6842 29
6845 51
6852 47
6855 20
6856 29
6858 20
6867 58
6868 77
6872 20
6874 58
6875 58
6876 13
6877 58
6878 13
6881 58
6882 20
6885 20
6889 58
6890 58
6892 47
6894 27
6895 58
6896 58
6897 58
6900 58
6901 13
6903 13
6905 58
6906 58
6907 59
6908 58
6909 13
6912 13
6913 13
6915 58
6917 20
6919 13
6920 13
6922 58
6923 27
6925 13
6926 13
6927 20
6928 58
6929 13
6931 58
6933 13
6934 29
6936 13
6937 13
6939 47
6940 58
6942 13
6944 13
6948 47
6949 13
6953 13
6956 13
6957 20
6959 13
6960 13
6966 29
6972 18
6974 61
6976 16
6977 33
6980 47
6983 27
6984 27
6985 61
6987 20
6989 20
6992 27
6997 29
7001 3
7008 29
7009 47
7010 58
7017 4
7022 47
7023 58
7025 77
7033 27
7037 51
7038 20
7040 58
7041 58
7043 58
7048 27
7061 58
7062 58
7063 58
7064 58
7065 58
7066 58
7067 27
7068 58
7069 58
7070 58
7071 58
7074 51
7077 18
7079 4
7091 20
7093 58
7099 20
7101 20
7110 58
7112 27
7115 27
7116 27
7117 51
7119 47
7121 27
7123 20
7126 61
7129 27
7132 16
7140 27
7143 20
7146 20
7153 29
7154 29
7155 29
7156 29
7157 29
7158 29
7162 29
7166 29
7171 29
7172 29
7174 29
7175 29
7177 29
7178 29
7180 29
7181 29
7184 29
7186 29
7189 29
7190 29
7195 77
7196 29
7197 29
7198 29
7201 29
7203 29
7209 27
7213 58
7217 16
7219 47
7222 20
7227 29
7236 51
7243 33
7244 20
7246 29
7247 29
7255 29
7258 58
7259 47
7264 58
7266 27
7273 29
7279 27
7280 27
7287 4
7289 47
7292 16
7294 29
7300 47
7301 20
7302 58
7303 58
7305 20
7308 58
7310 27
7311 27
7313 42
7316 29
7319 29
7320 27
7323 29
7324 27
7337 29
7341 29
7343 29
7344 29
7345 29
7351 47
7355 16
7356 47
7357 29
7358 61
7363 16
7369 16
7372 16
7377 27
7381 13
7382 61
7383 20
7385 47
7387 18
7390 27
7391 27
7394 13
7400 20
7401 58
7402 27
7405 13
7408 47
7414 20
7416 47
7419 20
7424 59
7426 20
7428 47
7430 20
7432 47
7439 18
7441 16
7445 47
7461 61
7465 58
7466 58
7471 27
7474 33
7482 51
7484 16
7487 29
7489 20
7496 27
7498 47
7499 77
7500 27
7503 33
7504 29
7507 27
7511 47
7512 33
7513 33
7515 18
7517 27
7521 43
7522 47
7526 33
7537 29
7538 77
7540 58
7544 29
7545 58
7547 47
7553 20
7560 47
7566 27
7576 47
7577 47
7580 20
7581 33
7584 47
7586 47
7592 51
7593 61
7596 61
7603 47
7604 29
7607 58
7608 47
7621 26
7622 61
7623 21
7624 16
7627 42
7638 18
7639 18
7653 33
7657 47
7668 13
7689 59
7694 4
7695 47
7697 29
7698 20
7700 177
7701 20
7703 43
7708 29
7710 47
7715 20
7716 18
7717 4
7719 20
7727 29
7729 4
7732 47
7733 13
7736 47
7738 47
7740 33
7747 47
7749 47
7754 13
7763 47
7765 27
